((("cond" .
   [1 0 0 0])
  ("put_line" .
   [0 0 1 1 0 0 0 0])
  ("dbms_output" .
   [0 0 1 1 0 0 0 0 0 0 0])
  ("isopen" .
   [0 0 1 0 0 0])
  ("procedure" .
   [0 0 0 0 0 1 0 0 0])
  ("replace" .
   [0 0 0 0 0 1 0])
  ("create" .
   [0 0 0 0 1 0])
  ("variable" .
   [0 0 0 0 0 1 0 0])
  ("serveroutput" .
   [0 0 0 1 0 0 0 0 0 0 0 0])
  ("set" .
   [1 0 0])
  ("empno" .
   [1 0 0 0 0])
  ("where" .
   [1 0 0 0 0])
  ("end" .
   [2 0 0])
  ("v_tenure" .
   [0 0 0 0 1 0 0 0])
  ("v_name" .
   [1 0 0 0 0 0])
  ("v_hire_date" .
   [0 0 0 0 2 0 0 0 0 0 0])
  ("into" .
   [1 0 0 1])
  ("ename" .
   [2 0 0 0 0])
  ("last_name" .
   [0 0 0 0 1 0 0 0 0])
  ("sal" .
   [1 0 0])
  ("emp" .
   [2 0 0])
  ("from" .
   [2 0 0 0])
  ("v_sal" .
   [0 0 0 0 2])
  ("salary" .
   [1 0 0 0 0 0])
  ("select" .
   [2 0 0 0 0 0])
  ("begin" .
   [1 0 0 1 0])
  ("varchar2" .
   [0 0 0 0 0 1 0 0])
  ("number" .
   [0 0 1 4 1 0])
  ("declare" .
   [1 0 0 0 0 0 0])
  ("top" .
   [1 0 0])
  ("src" .
   [1 0 0])
  ("contents" .
   [1 0 0 0 0 0 0 0])
  ("frame" .
   [1 0 0 0 0])
  ("htm" .
   [2 0 0])
  ("menu" .
   [1 0 0 0])
  ("frameset" .
   [0 0 0 0 0 0 1 0])
  ("System" .
   [0 0 0 1 0 0])
  ("help-at-pt-set-timer" .
   [0 0 0 0 0 0 0 0 0 0 0 0 0 0 0 1 0 0 0 0])
  ("test" .
   [1 0 0 0])
  ("addEventListener" .
   [0 0 0 0 0 0 1 0 0 0 0 0 0 0 0 0])
  ("addListener" .
   [0 0 0 0 0 0 0 0 2 0 0])
  ("btn" .
   [1 0 0])
  ("init" .
   [1 0 0 0])
  ("attachEvent" .
   [1 0 0 0 0 0 0 0 0 0 0])
  ("Internet" .
   [0 0 0 0 0 0 1 0])
  ("listener" .
   [0 0 0 2 0 0 0 0])
  ("addListner" .
   [0 0 1 2 1 0 0 0 0 0])
  ("elem" .
   [4 0 0 0])
  ("adjust" .
   [1 0 0 0 0 0])
  ("input" .
   [1 0 0 0 0])
  ("screen" .
   [0 0 0 0 1 0])
  ("window" .
   [2 0 0 0 0 1])
  ("javascript" .
   [0 0 0 0 0 0 1 0 0 0])
  ("text" .
   [1 0 0 0])
  ("type" .
   [2 0 1 0])
  ("script" .
   [0 0 0 0 1 0])
  ("isAdministrator" .
   [0 0 1 0 0 0 0 0 0 0 0 0 0 0 0])
  ("writeln" .
   [0 0 0 0 0 1 0])
  ("document" .
   [0 0 0 0 0 0 1 0])
  ("getName" .
   [0 0 0 1 0 0 0])
  ("Administrator" .
   [0 0 0 0 0 0 1 0 0 0 0 0 0])
  ("SpecialMember" .
   [0 0 0 2 0 0 0 0 0 0 0 0 0])
  ("role" .
   [3 0 0 0])
  ("this" .
   [3 0 0 0])
  ("initializeBase" .
   [0 0 0 0 0 0 0 0 1 0 0 0 0 0])
  ("Member" .
   [1 0 0 1 0 0])
  ("lastName" .
   [0 0 1 1 3 0 0 0])
  ("firstName" .
   [1 0 0 2 1 1 0 0 0])
  ("function" .
   [2 0 0 2 3 0 0 0])
  ("prototype" .
   [1 0 0 0 0 0 0 1 1])
  ("prop" .
   [2 0 1 0])
  ("proto" .
   [2 0 0 0 0])
  ("baseArgs" .
   [0 0 0 0 0 1 0 0])
  ("derive" .
   [1 0 0 0 1 0])
  ("base" .
   [3 0 0 0])
  ("fullscreen" .
   [0 0 0 0 0 1 0 0 0 0])
  ("nil" .
   [1 0 0])
  ("set-frame-parameter" .
   [0 0 0 0 0 0 0 0 0 0 0 0 0 0 1 0 0 0 0])
  ("setq" .
   [1 0 0 0])
  ("msg" .
   [3 0 0])
  ("dirtree" .
   [0 0 0 1 0 0 0])
  ("attic" .
   [1 0 0 0 0])
  ("garden" .
   [2 0 1 0 0 0])
  ("living-room" .
   [0 0 0 0 0 0 2 0 0 0 0])
  ("defparameter" .
   [0 0 0 0 0 0 0 0 0 1 0 0])
  (">|lisp|" .
   [0 0 0 0 0 1 1])
  ("hello" .
   [2 0 0 0 0])
  ("pl" .
   [2 0])
  ("hello_package" .
   [0 0 0 0 0 0 0 0 1 1 0 0 0])
  ("perl" .
   [2 0 0 0])
  ("110" .
   [0 0 1])
  ("printf" .
   [2 0 0 0 0 0])
  ("days_to_die" .
   [0 0 0 0 0 1 0 0 0 0 0])
  ("days" .
   [0 0 0 1])
  ("user" .
   [1 0 0 0])
  ("line" .
   [1 0 0 0])
  ("close" .
   [0 0 0 1 0])
  ("dir" .
   [2 0 0])
  ("DIR" .
   [4 0 0])
  ("die" .
   [2 0 0])
  ("or" .
   [1 0])
  ("dirname" .
   [2 0 0 0 0 0 0])
  ("get_date_string" .
   [0 0 0 1 0 0 0 0 0 0 0 0 0 0 0])
  ("sec" .
   [3 0 0])
  ("hour" .
   [2 0 1 0])
  ("day" .
   [3 0 0])
  ("mon" .
   [5 0 0])
  ("year" .
   [1 0 0 0])
  ("ENV" .
   [1 0 0])
  ("counter" .
   [1 0 0 0 1 0 0])
  ("name" .
   [7 0 0 0])
  ("uniqarray" .
   [0 0 0 0 0 1 0 0 0])
  ("item" .
   [1 0 0 0])
  ("uniq" .
   [3 0 0 0])
  ("array" .
   [2 0 0 0 0])
  ("sort" .
   [2 0 0 0])
  ("keys" .
   [8 0 0 0])
  ("print" .
   [30 0 1 1 0])
  ("key" .
   [8 0 0])
  ("value" .
   [5 0 1 0 0])
  ("hash" .
   [14 0 2 0])
  ("packet:" .
   [1 0 0 0 0 0 0])
  ("nums" .
   [9 0 0 0])
  ("foreach" .
   [3 0 1 2 9 2 0])
  ("my" .
   [17 0])
  ("warnings" .
   [0 0 2 2 0 0 0 0])
  ("strict" .
   [0 0 1 2 1 0])
  ("use" .
   [11 0 0])
  ("cp932" .
   [0 0 1 0 0])
  ("smartparens-global-mode" .
   [0 0 0 0 0 0 0 0 0 0 0 0 0 1 0 0 0 0 0 0 0 0 0])
  ("println" .
   [1 0 0 0 0 0 1])
  ("out" .
   [1 0 0])
  ("string" .
   [7 0 0 0 0 0])
  ("defun" .
   [1 0 1 1 0])
  ("when" .
   [2 0 0 0])
  ("footnote-mode" .
   [0 0 0 1 0 0 0 0 0 0 0 0 0])
  ("require" .
   [0 0 0 0 2 0 0])
  ("smartparens" .
   [0 0 0 0 0 1 0 0 0 0 0])
  ("smartparens-config" .
   [0 0 0 0 0 0 0 0 0 0 0 0 0 0 0 1 0 0])
  ("looks_like_number" .
   [0 0 0 1 0 0 0 0 0 0 0 0 0 0 0 0 0])
  ("num" .
   [8 0 0])
  ("max" .
   [9 0 0])
  ("min" .
   [10 0 0])
  ("最大値を求める" .
   [1 0 0 0 0 0 0])
  ("最小値を求める" .
   [1 0 0 0 0 0 0])
  ("defined" .
   [1 0 0 0 0 0 0])
  ("return" .
   [1 0 0 0 1 0])
  ("str" .
   [2 0 0])
  ("while" .
   [5 0 0 0 0])
  ("chomp" .
   [5 0 0 0 0])
  ("num1" .
   [1 0 0 1])
  ("num2" .
   [2 0 0 0])
  ("username" .
   [0 0 0 0 2 0 0 0])
  ("password" .
   [0 0 2 0 0 0 0 0])
  ("if" .
   [1 0])
  ("else" .
   [2 0 0 0])
  ("eq" .
   [4 0])
  ("n" .
   [3])
  ("total2" .
   [1 0 0 0 0 0])
  ("total3" .
   [1 0 0 0 0 0])
  ("total5" .
   [1 0 0 0 0 0])
  ("valiable" .
   [1 0 0 0 0 0 0 0])
  ("lists" .
   [1 0 4 1 0])
  ("each" .
   [4 0 0 0])
  ("list" .
   [1 0 1 0])
  ("サブルーチン呼び出し" .
   [1 0 0 0 0 0 0 0 0 0])
  ("戻り値を表示" .
   [0 0 0 0 1 0])
  ("サブルーチンの定義" .
   [1 0 0 0 0 0 0 0 0])
  ("sub" .
   [3 0 0])
  ("hello_return" .
   [0 0 0 0 0 0 0 0 0 0 0 1])
  ("s" .
   [3])
  ("実行結果" .
   [2 0 0 0])
  ("サブルーチン実行前" .
   [1 0 0 0 0 0 0 0 0])
  ("sub_hush" .
   [0 0 0 0 1 0 0 0])
  ("reference_hush" .
   [1 0 0 0 0 0 0 0 0 0 0 0 0 0])
  ("referece" .
   [0 0 0 0 1 0 0 0])
  ("readdir" .
   [1 0 0 0 0 0 0])
  ("表示" .
   [1 0])
  ("files" .
   [1 0 0 0 0])
  ("split" .
   [1 0 0 0 0])
  ("query" .
   [2 0 0 1 0])
  ("usetotal" .
   [1 0 0 0 0 1 0 0])
  ("param" .
   [1 0 0 0 0])
  ("count" .
   [2 0 0 0 0])
  ("ref" .
   [1 0 0])
  ("popmany" .
   [0 0 0 0 0 1 0])
  ("retlist" .
   [1 0 0 0 0 1 0])
  ("aref" .
   [1 0 0 0])
  ("tailings" .
   [1 0 0 1 2 0 0 0])
  ("cadr" .
   [1 0 0 0])
  ("assoc" .
   [1 0 0 0 0])
  ("location" .
   [1 0 0 0 0 0 0 0])
  ("nodes" .
   [1 0 0 0 0])
  ("describe" .
   [0 0 0 1 0 0 0 0])
  ("describe-location" .
   [0 0 0 0 0 0 0 0 0 0 1 0 0 0 0 0 0])
  ("*nodes*" .
   [0 0 0 0 0 0 1])
  ("add-to-list" .
   [0 0 0 0 0 0 1 0 0 1 0])
  ("auto-mode-alist" .
   [0 0 0 0 0 0 0 0 0 0 0 0 0 1 0])
  ("js2-mode" .
   [0 0 0 0 0 0 1 0])
  ("var" .
   [10 0 0])
  ("Highlight" .
   [0 0 0 0 0 0 1 0 0])
  ("Background" .
   [0 0 0 0 2 0 0 0 0 0])
  ("expand-file-name" .
   [0 0 0 0 0 0 0 0 0 1 0 0 0 0 0 0])
  ("html" .
   [1 0 0 0])
  ("body" .
   [1 0 0 0])
  ("target" .
   [3 0 0 0 0 0])
  ("info" .
   [1 0 0 0])
  ("score" .
   [2 0 0 0 0])
  ("miss" .
   [2 0 0 0])
  ("load-path" .
   [0 0 0 1 0 0 0 0 0])))
