((("*nodes*" .
   [0 0 0 0 0 0 1])
  ("describe-location" .
   [0 0 0 0 0 0 0 0 0 0 1 0 0 0 0 0 0])
  ("describe" .
   [0 0 0 1 0 0 0 0])
  ("nodes" .
   [1 0 0 0 0])
  ("location" .
   [1 0 0 0 0 0 0 0])
  ("assoc" .
   [1 0 0 0 0])
  ("cadr" .
   [1 0 0 0])
  ("tailings" .
   [1 0 0 1 2 0 0 0])
  ("aref" .
   [1 0 0 0])
  ("retlist" .
   [1 0 0 0 0 1 0])
  ("popmany" .
   [0 0 0 0 0 1 0])
  ("ref" .
   [1 0 0])
  ("count" .
   [1 0 0 0 0])
  ("param" .
   [1 0 0 0 0])
  ("usetotal" .
   [1 0 0 0 0 1 0 0])
  ("query" .
   [2 0 0 1 0])
  ("split" .
   [1 0 0 0 0])
  ("files" .
   [1 0 0 0 0])
  ("表示" .
   [1 0])
  ("readdir" .
   [1 0 0 0 0 0 0])
  ("referece" .
   [0 0 0 0 1 0 0 0])
  ("reference_hush" .
   [1 0 0 0 0 0 0 0 0 0 0 0 0 0])
  ("sub_hush" .
   [0 0 0 0 1 0 0 0])
  ("サブルーチン実行前" .
   [1 0 0 0 0 0 0 0 0])
  ("実行結果" .
   [2 0 0 0])
  ("s" .
   [2])
  ("hello_return" .
   [0 0 0 0 0 0 0 0 0 0 0 1])
  ("sub" .
   [3 0 0])
  ("サブルーチンの定義" .
   [1 0 0 0 0 0 0 0 0])
  ("戻り値を表示" .
   [0 0 0 0 1 0])
  ("サブルーチン呼び出し" .
   [1 0 0 0 0 0 0 0 0 0])
  ("list" .
   [1 0 1 0])
  ("each" .
   [4 0 0 0])
  ("lists" .
   [1 0 4 1 0])
  ("valiable" .
   [1 0 0 0 0 0 0 0])
  ("total5" .
   [1 0 0 0 0 0])
  ("total3" .
   [1 0 0 0 0 0])
  ("total2" .
   [1 0 0 0 0 0])
  ("n" .
   [3])
  ("eq" .
   [2 0])
  ("else" .
   [1 0 0 0])
  ("if" .
   [1 0])
  ("password" .
   [0 0 2 0 0 0 0 0])
  ("username" .
   [0 0 0 0 2 0 0 0])
  ("num2" .
   [2 0 0 0])
  ("num1" .
   [1 0 0 1])
  ("chomp" .
   [5 0 0 0 0])
  ("while" .
   [5 0 0 0 0])
  ("str" .
   [2 0 0])
  ("return" .
   [0 0 0 0 1 0])
  ("defined" .
   [1 0 0 0 0 0 0])
  ("最小値を求める" .
   [1 0 0 0 0 0 0])
  ("最大値を求める" .
   [1 0 0 0 0 0 0])
  ("min" .
   [10 0 0])
  ("max" .
   [9 0 0])
  ("num" .
   [8 0 0])
  ("looks_like_number" .
   [0 0 0 1 0 0 0 0 0 0 0 0 0 0 0 0 0])
  ("smartparens-config" .
   [0 0 0 0 0 0 0 0 0 0 0 0 0 0 0 1 0 0])
  ("smartparens" .
   [0 0 0 0 0 1 0 0 0 0 0])
  ("require" .
   [0 0 0 0 1 0 0])
  ("footnote-mode" .
   [0 0 0 1 0 0 0 0 0 0 0 0 0])
  ("when" .
   [1 0 0 0])
  ("defun" .
   [1 0 1 1 0])
  ("string" .
   [7 0 0 0 0 0])
  ("out" .
   [1 0 0])
  ("println" .
   [0 0 0 0 0 0 1])
  ("smartparens-global-mode" .
   [0 0 0 0 0 0 0 0 0 0 0 0 0 1 0 0 0 0 0 0 0 0 0])
  ("cp932" .
   [0 0 1 0 0])
  ("use" .
   [11 0 0])
  ("strict" .
   [0 0 1 2 1 0])
  ("warnings" .
   [0 0 2 2 0 0 0 0])
  ("my" .
   [17 0])
  ("foreach" .
   [3 0 1 2 9 2 0])
  ("nums" .
   [9 0 0 0])
  ("packet:" .
   [1 0 0 0 0 0 0])
  ("hash" .
   [14 0 2 0])
  ("value" .
   [4 0 1 0 0])
  ("key" .
   [8 0 0])
  ("print" .
   [30 0 1 1 0])
  ("keys" .
   [8 0 0 0])
  ("sort" .
   [2 0 0 0])
  ("array" .
   [2 0 0 0 0])
  ("uniq" .
   [3 0 0 0])
  ("item" .
   [1 0 0 0])
  ("uniqarray" .
   [0 0 0 0 0 1 0 0 0])
  ("name" .
   [7 0 0 0])
  ("counter" .
   [1 0 0 0 1 0 0])
  ("ENV" .
   [1 0 0])
  ("year" .
   [1 0 0 0])
  ("mon" .
   [5 0 0])
  ("day" .
   [3 0 0])
  ("hour" .
   [2 0 1 0])
  ("sec" .
   [3 0 0])
  ("get_date_string" .
   [0 0 0 1 0 0 0 0 0 0 0 0 0 0 0])
  ("dirname" .
   [2 0 0 0 0 0 0])
  ("or" .
   [1 0])
  ("die" .
   [2 0 0])
  ("DIR" .
   [4 0 0])
  ("dir" .
   [2 0 0])
  ("close" .
   [0 0 0 1 0])
  ("line" .
   [1 0 0 0])
  ("user" .
   [1 0 0 0])
  ("days" .
   [0 0 0 1])
  ("days_to_die" .
   [0 0 0 0 0 1 0 0 0 0 0])
  ("printf" .
   [2 0 0 0 0 0])
  ("110" .
   [0 0 1])
  ("perl" .
   [2 0 0 0])
  ("hello_package" .
   [0 0 0 0 0 0 0 0 1 1 0 0 0])
  ("pl" .
   [2 0])
  ("hello" .
   [2 0 0 0 0])
  (">|lisp|" .
   [0 0 0 0 0 1 1])
  ("defparameter" .
   [0 0 0 0 0 0 0 0 0 1 0 0])
  ("living-room" .
   [0 0 0 0 0 0 2 0 0 0 0])
  ("garden" .
   [2 0 1 0 0 0])
  ("attic" .
   [1 0 0 0 0])))
